2022/07/23-10:56:10.239433 7fc8f1698000 RocksDB version: 6.20.3
2022/07/23-10:56:10.239482 7fc8f1698000 Git sha 8608d75d85f8e1b3b64b73a4fb6d19baec61ba5c
2022/07/23-10:56:10.239488 7fc8f1698000 Compile date 2021-05-05 20:35:30
2022/07/23-10:56:10.239563 7fc8f1698000 DB SUMMARY
2022/07/23-10:56:10.239567 7fc8f1698000 DB Session ID:  1DN8TO5ULN7VO7OFUTQM
2022/07/23-10:56:10.239614 7fc8f1698000 CURRENT file:  CURRENT
2022/07/23-10:56:10.239618 7fc8f1698000 IDENTITY file:  IDENTITY
2022/07/23-10:56:10.239626 7fc8f1698000 MANIFEST file:  MANIFEST-000004 size: 1376 Bytes
2022/07/23-10:56:10.239630 7fc8f1698000 SST files in test-ledger/rocksdb dir, Total Num: 0, files: 
2022/07/23-10:56:10.239633 7fc8f1698000 Write Ahead Log file in test-ledger/rocksdb: 000005.log size: 3922 ; 
2022/07/23-10:56:10.239636 7fc8f1698000                         Options.error_if_exists: 0
2022/07/23-10:56:10.239639 7fc8f1698000                       Options.create_if_missing: 1
2022/07/23-10:56:10.239642 7fc8f1698000                         Options.paranoid_checks: 1
2022/07/23-10:56:10.239644 7fc8f1698000                               Options.track_and_verify_wals_in_manifest: 0
2022/07/23-10:56:10.239647 7fc8f1698000                                     Options.env: 0x562085602420
2022/07/23-10:56:10.239650 7fc8f1698000                                      Options.fs: Posix File System
2022/07/23-10:56:10.239652 7fc8f1698000                                Options.info_log: 0x562086387a50
2022/07/23-10:56:10.239655 7fc8f1698000                Options.max_file_opening_threads: 16
2022/07/23-10:56:10.239657 7fc8f1698000                              Options.statistics: (nil)
2022/07/23-10:56:10.239660 7fc8f1698000                               Options.use_fsync: 0
2022/07/23-10:56:10.239663 7fc8f1698000                       Options.max_log_file_size: 0
2022/07/23-10:56:10.239665 7fc8f1698000                  Options.max_manifest_file_size: 1073741824
2022/07/23-10:56:10.239668 7fc8f1698000                   Options.log_file_time_to_roll: 0
2022/07/23-10:56:10.239670 7fc8f1698000                       Options.keep_log_file_num: 1000
2022/07/23-10:56:10.239672 7fc8f1698000                    Options.recycle_log_file_num: 0
2022/07/23-10:56:10.239675 7fc8f1698000                         Options.allow_fallocate: 1
2022/07/23-10:56:10.239677 7fc8f1698000                        Options.allow_mmap_reads: 0
2022/07/23-10:56:10.239680 7fc8f1698000                       Options.allow_mmap_writes: 0
2022/07/23-10:56:10.239682 7fc8f1698000                        Options.use_direct_reads: 0
2022/07/23-10:56:10.239684 7fc8f1698000                        Options.use_direct_io_for_flush_and_compaction: 0
2022/07/23-10:56:10.239687 7fc8f1698000          Options.create_missing_column_families: 1
2022/07/23-10:56:10.239689 7fc8f1698000                              Options.db_log_dir: 
2022/07/23-10:56:10.239691 7fc8f1698000                                 Options.wal_dir: test-ledger/rocksdb
2022/07/23-10:56:10.239694 7fc8f1698000                Options.table_cache_numshardbits: 6
2022/07/23-10:56:10.239696 7fc8f1698000                         Options.WAL_ttl_seconds: 0
2022/07/23-10:56:10.239698 7fc8f1698000                       Options.WAL_size_limit_MB: 0
2022/07/23-10:56:10.239700 7fc8f1698000                        Options.max_write_batch_group_size_bytes: 1048576
2022/07/23-10:56:10.239703 7fc8f1698000             Options.manifest_preallocation_size: 4194304
2022/07/23-10:56:10.239706 7fc8f1698000                     Options.is_fd_close_on_exec: 1
2022/07/23-10:56:10.239708 7fc8f1698000                   Options.advise_random_on_open: 1
2022/07/23-10:56:10.239710 7fc8f1698000                    Options.db_write_buffer_size: 0
2022/07/23-10:56:10.239713 7fc8f1698000                    Options.write_buffer_manager: 0x5620862ae4c0
2022/07/23-10:56:10.239715 7fc8f1698000         Options.access_hint_on_compaction_start: 1
2022/07/23-10:56:10.239718 7fc8f1698000  Options.new_table_reader_for_compaction_inputs: 0
2022/07/23-10:56:10.239720 7fc8f1698000           Options.random_access_max_buffer_size: 1048576
2022/07/23-10:56:10.239723 7fc8f1698000                      Options.use_adaptive_mutex: 0
2022/07/23-10:56:10.239748 7fc8f1698000                            Options.rate_limiter: (nil)
2022/07/23-10:56:10.239752 7fc8f1698000     Options.sst_file_manager.rate_bytes_per_sec: 0
2022/07/23-10:56:10.239755 7fc8f1698000                       Options.wal_recovery_mode: 2
2022/07/23-10:56:10.239758 7fc8f1698000                  Options.enable_thread_tracking: 0
2022/07/23-10:56:10.239760 7fc8f1698000                  Options.enable_pipelined_write: 0
2022/07/23-10:56:10.239763 7fc8f1698000                  Options.unordered_write: 0
2022/07/23-10:56:10.239765 7fc8f1698000         Options.allow_concurrent_memtable_write: 1
2022/07/23-10:56:10.239768 7fc8f1698000      Options.enable_write_thread_adaptive_yield: 1
2022/07/23-10:56:10.239770 7fc8f1698000             Options.write_thread_max_yield_usec: 100
2022/07/23-10:56:10.239773 7fc8f1698000            Options.write_thread_slow_yield_usec: 3
2022/07/23-10:56:10.239776 7fc8f1698000                               Options.row_cache: None
2022/07/23-10:56:10.239779 7fc8f1698000                              Options.wal_filter: None
2022/07/23-10:56:10.239782 7fc8f1698000             Options.avoid_flush_during_recovery: 0
2022/07/23-10:56:10.239785 7fc8f1698000             Options.allow_ingest_behind: 0
2022/07/23-10:56:10.239787 7fc8f1698000             Options.preserve_deletes: 0
2022/07/23-10:56:10.239790 7fc8f1698000             Options.two_write_queues: 0
2022/07/23-10:56:10.239793 7fc8f1698000             Options.manual_wal_flush: 0
2022/07/23-10:56:10.239795 7fc8f1698000             Options.atomic_flush: 0
2022/07/23-10:56:10.239798 7fc8f1698000             Options.avoid_unnecessary_blocking_io: 0
2022/07/23-10:56:10.239800 7fc8f1698000                 Options.persist_stats_to_disk: 0
2022/07/23-10:56:10.239803 7fc8f1698000                 Options.write_dbid_to_manifest: 0
2022/07/23-10:56:10.239805 7fc8f1698000                 Options.log_readahead_size: 0
2022/07/23-10:56:10.239808 7fc8f1698000                 Options.file_checksum_gen_factory: Unknown
2022/07/23-10:56:10.239810 7fc8f1698000                 Options.best_efforts_recovery: 0
2022/07/23-10:56:10.239813 7fc8f1698000                Options.max_bgerror_resume_count: 2147483647
2022/07/23-10:56:10.239816 7fc8f1698000            Options.bgerror_resume_retry_interval: 1000000
2022/07/23-10:56:10.239819 7fc8f1698000             Options.allow_data_in_errors: 0
2022/07/23-10:56:10.239822 7fc8f1698000             Options.db_host_id: __hostname__
2022/07/23-10:56:10.239825 7fc8f1698000             Options.max_background_jobs: 8
2022/07/23-10:56:10.239828 7fc8f1698000             Options.max_background_compactions: -1
2022/07/23-10:56:10.239831 7fc8f1698000             Options.max_subcompactions: 1
2022/07/23-10:56:10.239833 7fc8f1698000             Options.avoid_flush_during_shutdown: 0
2022/07/23-10:56:10.239836 7fc8f1698000           Options.writable_file_max_buffer_size: 1048576
2022/07/23-10:56:10.239838 7fc8f1698000             Options.delayed_write_rate : 16777216
2022/07/23-10:56:10.239841 7fc8f1698000             Options.max_total_wal_size: 4294967296
2022/07/23-10:56:10.239844 7fc8f1698000             Options.delete_obsolete_files_period_micros: 21600000000
2022/07/23-10:56:10.239847 7fc8f1698000                   Options.stats_dump_period_sec: 600
2022/07/23-10:56:10.239850 7fc8f1698000                 Options.stats_persist_period_sec: 600
2022/07/23-10:56:10.239853 7fc8f1698000                 Options.stats_history_buffer_size: 1048576
2022/07/23-10:56:10.239856 7fc8f1698000                          Options.max_open_files: -1
2022/07/23-10:56:10.239859 7fc8f1698000                          Options.bytes_per_sync: 0
2022/07/23-10:56:10.239861 7fc8f1698000                      Options.wal_bytes_per_sync: 0
2022/07/23-10:56:10.239864 7fc8f1698000                   Options.strict_bytes_per_sync: 0
2022/07/23-10:56:10.239867 7fc8f1698000       Options.compaction_readahead_size: 0
2022/07/23-10:56:10.239870 7fc8f1698000                  Options.max_background_flushes: -1
2022/07/23-10:56:10.239889 7fc8f1698000 Compression algorithms supported:
2022/07/23-10:56:10.239893 7fc8f1698000 	kZSTDNotFinalCompression supported: 0
2022/07/23-10:56:10.239896 7fc8f1698000 	kZSTD supported: 0
2022/07/23-10:56:10.239899 7fc8f1698000 	kXpressCompression supported: 0
2022/07/23-10:56:10.239902 7fc8f1698000 	kLZ4HCCompression supported: 1
2022/07/23-10:56:10.239905 7fc8f1698000 	kLZ4Compression supported: 1
2022/07/23-10:56:10.239908 7fc8f1698000 	kBZip2Compression supported: 0
2022/07/23-10:56:10.239911 7fc8f1698000 	kZlibCompression supported: 0
2022/07/23-10:56:10.239914 7fc8f1698000 	kSnappyCompression supported: 0
2022/07/23-10:56:10.239919 7fc8f1698000 Fast CRC32 supported: Not supported on x86
2022/07/23-10:56:10.240022 7fc8f1698000 [db/version_set.cc:4627] Recovering from manifest file: test-ledger/rocksdb/MANIFEST-000004
2022/07/23-10:56:10.240221 7fc8f1698000 [db/column_family.cc:598] --------------- Options for column family [default]:
2022/07/23-10:56:10.240227 7fc8f1698000               Options.comparator: leveldb.BytewiseComparator
2022/07/23-10:56:10.240230 7fc8f1698000           Options.merge_operator: None
2022/07/23-10:56:10.240233 7fc8f1698000        Options.compaction_filter: None
2022/07/23-10:56:10.240236 7fc8f1698000        Options.compaction_filter_factory: None
2022/07/23-10:56:10.240238 7fc8f1698000  Options.sst_partitioner_factory: None
2022/07/23-10:56:10.240241 7fc8f1698000         Options.memtable_factory: SkipListFactory
2022/07/23-10:56:10.240244 7fc8f1698000            Options.table_factory: BlockBasedTable
2022/07/23-10:56:10.240281 7fc8f1698000            table_factory options:   flush_block_policy_factory: FlushBlockBySizePolicyFactory (0x5620862dc360)
  cache_index_and_filter_blocks: 0
  cache_index_and_filter_blocks_with_high_priority: 1
  pin_l0_filter_and_index_blocks_in_cache: 0
  pin_top_level_index_and_filter: 1
  index_type: 0
  data_block_index_type: 0
  index_shortening: 1
  data_block_hash_table_util_ratio: 0.750000
  hash_index_allow_collision: 1
  checksum: 1
  no_block_cache: 0
  block_cache: 0x5620862dc3b0
  block_cache_name: LRUCache
  block_cache_options:
    capacity : 8388608
    num_shard_bits : 4
    strict_capacity_limit : 0
    memory_allocator : None
    high_pri_pool_ratio: 0.000
  block_cache_compressed: (nil)
  persistent_cache: (nil)
  block_size: 4096
  block_size_deviation: 10
  block_restart_interval: 16
  index_block_restart_interval: 1
  metadata_block_size: 4096
  partition_filters: 0
  use_delta_encoding: 1
  filter_policy: nullptr
  whole_key_filtering: 1
  verify_compression: 0
  read_amp_bytes_per_bit: 0
  format_version: 5
  enable_index_compression: 1
  block_align: 0
2022/07/23-10:56:10.240285 7fc8f1698000        Options.write_buffer_size: 67108864
2022/07/23-10:56:10.240287 7fc8f1698000  Options.max_write_buffer_number: 2
2022/07/23-10:56:10.240290 7fc8f1698000          Options.compression: NoCompression
2022/07/23-10:56:10.240293 7fc8f1698000                  Options.bottommost_compression: Disabled
2022/07/23-10:56:10.240296 7fc8f1698000       Options.prefix_extractor: nullptr
2022/07/23-10:56:10.240299 7fc8f1698000   Options.memtable_insert_with_hint_prefix_extractor: nullptr
2022/07/23-10:56:10.240301 7fc8f1698000             Options.num_levels: 7
2022/07/23-10:56:10.240304 7fc8f1698000        Options.min_write_buffer_number_to_merge: 1
2022/07/23-10:56:10.240306 7fc8f1698000     Options.max_write_buffer_number_to_maintain: 0
2022/07/23-10:56:10.240309 7fc8f1698000     Options.max_write_buffer_size_to_maintain: 0
2022/07/23-10:56:10.240312 7fc8f1698000            Options.bottommost_compression_opts.window_bits: -14
2022/07/23-10:56:10.240315 7fc8f1698000                  Options.bottommost_compression_opts.level: 32767
2022/07/23-10:56:10.240318 7fc8f1698000               Options.bottommost_compression_opts.strategy: 0
2022/07/23-10:56:10.240321 7fc8f1698000         Options.bottommost_compression_opts.max_dict_bytes: 0
2022/07/23-10:56:10.240324 7fc8f1698000         Options.bottommost_compression_opts.zstd_max_train_bytes: 0
2022/07/23-10:56:10.240348 7fc8f1698000         Options.bottommost_compression_opts.parallel_threads: 1
2022/07/23-10:56:10.240352 7fc8f1698000                  Options.bottommost_compression_opts.enabled: false
2022/07/23-10:56:10.240355 7fc8f1698000         Options.bottommost_compression_opts.max_dict_buffer_bytes: 0
2022/07/23-10:56:10.240358 7fc8f1698000            Options.compression_opts.window_bits: -14
2022/07/23-10:56:10.240360 7fc8f1698000                  Options.compression_opts.level: 32767
2022/07/23-10:56:10.240363 7fc8f1698000               Options.compression_opts.strategy: 0
2022/07/23-10:56:10.240365 7fc8f1698000         Options.compression_opts.max_dict_bytes: 0
2022/07/23-10:56:10.240367 7fc8f1698000         Options.compression_opts.zstd_max_train_bytes: 0
2022/07/23-10:56:10.240369 7fc8f1698000         Options.compression_opts.parallel_threads: 1
2022/07/23-10:56:10.240372 7fc8f1698000                  Options.compression_opts.enabled: false
2022/07/23-10:56:10.240374 7fc8f1698000         Options.compression_opts.max_dict_buffer_bytes: 0
2022/07/23-10:56:10.240377 7fc8f1698000      Options.level0_file_num_compaction_trigger: 4
2022/07/23-10:56:10.240380 7fc8f1698000          Options.level0_slowdown_writes_trigger: 20
2022/07/23-10:56:10.240382 7fc8f1698000              Options.level0_stop_writes_trigger: 36
2022/07/23-10:56:10.240385 7fc8f1698000                   Options.target_file_size_base: 67108864
2022/07/23-10:56:10.240388 7fc8f1698000             Options.target_file_size_multiplier: 1
2022/07/23-10:56:10.240390 7fc8f1698000                Options.max_bytes_for_level_base: 268435456
2022/07/23-10:56:10.240392 7fc8f1698000 Options.level_compaction_dynamic_level_bytes: 0
2022/07/23-10:56:10.240395 7fc8f1698000          Options.max_bytes_for_level_multiplier: 10.000000
2022/07/23-10:56:10.240403 7fc8f1698000 Options.max_bytes_for_level_multiplier_addtl[0]: 1
2022/07/23-10:56:10.240406 7fc8f1698000 Options.max_bytes_for_level_multiplier_addtl[1]: 1
2022/07/23-10:56:10.240409 7fc8f1698000 Options.max_bytes_for_level_multiplier_addtl[2]: 1
2022/07/23-10:56:10.240412 7fc8f1698000 Options.max_bytes_for_level_multiplier_addtl[3]: 1
2022/07/23-10:56:10.240415 7fc8f1698000 Options.max_bytes_for_level_multiplier_addtl[4]: 1
2022/07/23-10:56:10.240418 7fc8f1698000 Options.max_bytes_for_level_multiplier_addtl[5]: 1
2022/07/23-10:56:10.240420 7fc8f1698000 Options.max_bytes_for_level_multiplier_addtl[6]: 1
2022/07/23-10:56:10.240423 7fc8f1698000       Options.max_sequential_skip_in_iterations: 8
2022/07/23-10:56:10.240426 7fc8f1698000                    Options.max_compaction_bytes: 1677721600
2022/07/23-10:56:10.240428 7fc8f1698000                        Options.arena_block_size: 8388608
2022/07/23-10:56:10.240431 7fc8f1698000   Options.soft_pending_compaction_bytes_limit: 68719476736
2022/07/23-10:56:10.240434 7fc8f1698000   Options.hard_pending_compaction_bytes_limit: 274877906944
2022/07/23-10:56:10.240437 7fc8f1698000       Options.rate_limit_delay_max_milliseconds: 100
2022/07/23-10:56:10.240440 7fc8f1698000                Options.disable_auto_compactions: 0
2022/07/23-10:56:10.240444 7fc8f1698000                        Options.compaction_style: kCompactionStyleLevel
2022/07/23-10:56:10.240447 7fc8f1698000                          Options.compaction_pri: kMinOverlappingRatio
2022/07/23-10:56:10.240450 7fc8f1698000 Options.compaction_options_universal.size_ratio: 1
2022/07/23-10:56:10.240452 7fc8f1698000 Options.compaction_options_universal.min_merge_width: 2
2022/07/23-10:56:10.240455 7fc8f1698000 Options.compaction_options_universal.max_merge_width: 4294967295
2022/07/23-10:56:10.240458 7fc8f1698000 Options.compaction_options_universal.max_size_amplification_percent: 200
2022/07/23-10:56:10.240461 7fc8f1698000 Options.compaction_options_universal.compression_size_percent: -1
2022/07/23-10:56:10.240465 7fc8f1698000 Options.compaction_options_universal.stop_style: kCompactionStopStyleTotalSize
2022/07/23-10:56:10.240468 7fc8f1698000 Options.compaction_options_fifo.max_table_files_size: 1073741824
2022/07/23-10:56:10.240492 7fc8f1698000 Options.compaction_options_fifo.allow_compaction: 0
2022/07/23-10:56:10.240502 7fc8f1698000                   Options.table_properties_collectors: 
2022/07/23-10:56:10.240506 7fc8f1698000                   Options.inplace_update_support: 0
2022/07/23-10:56:10.240509 7fc8f1698000                 Options.inplace_update_num_locks: 10000
2022/07/23-10:56:10.240512 7fc8f1698000               Options.memtable_prefix_bloom_size_ratio: 0.000000
2022/07/23-10:56:10.240516 7fc8f1698000               Options.memtable_whole_key_filtering: 0
2022/07/23-10:56:10.240520 7fc8f1698000   Options.memtable_huge_page_size: 0
2022/07/23-10:56:10.240522 7fc8f1698000                           Options.bloom_locality: 0
2022/07/23-10:56:10.240525 7fc8f1698000                    Options.max_successive_merges: 0
2022/07/23-10:56:10.240528 7fc8f1698000                Options.optimize_filters_for_hits: 0
2022/07/23-10:56:10.240531 7fc8f1698000                Options.paranoid_file_checks: 0
2022/07/23-10:56:10.240534 7fc8f1698000                Options.force_consistency_checks: 1
2022/07/23-10:56:10.240537 7fc8f1698000                Options.report_bg_io_stats: 0
2022/07/23-10:56:10.240540 7fc8f1698000                               Options.ttl: 2592000
2022/07/23-10:56:10.240543 7fc8f1698000          Options.periodic_compaction_seconds: 0
2022/07/23-10:56:10.240546 7fc8f1698000                    Options.enable_blob_files: false
2022/07/23-10:56:10.240549 7fc8f1698000                        Options.min_blob_size: 0
2022/07/23-10:56:10.240552 7fc8f1698000                       Options.blob_file_size: 268435456
2022/07/23-10:56:10.240555 7fc8f1698000                Options.blob_compression_type: NoCompression
2022/07/23-10:56:10.240558 7fc8f1698000       Options.enable_blob_garbage_collection: false
2022/07/23-10:56:10.240561 7fc8f1698000   Options.blob_garbage_collection_age_cutoff: 0.250000
2022/07/23-10:56:10.240661 7fc8f1698000 [db/column_family.cc:598] --------------- Options for column family [meta]:
2022/07/23-10:56:10.240667 7fc8f1698000               Options.comparator: leveldb.BytewiseComparator
2022/07/23-10:56:10.240670 7fc8f1698000           Options.merge_operator: None
2022/07/23-10:56:10.240673 7fc8f1698000        Options.compaction_filter: None
2022/07/23-10:56:10.240677 7fc8f1698000        Options.compaction_filter_factory: purged_slot_filter_factory(meta)
2022/07/23-10:56:10.240680 7fc8f1698000  Options.sst_partitioner_factory: None
2022/07/23-10:56:10.240683 7fc8f1698000         Options.memtable_factory: SkipListFactory
2022/07/23-10:56:10.240685 7fc8f1698000            Options.table_factory: BlockBasedTable
2022/07/23-10:56:10.240718 7fc8f1698000            table_factory options:   flush_block_policy_factory: FlushBlockBySizePolicyFactory (0x56208623e710)
  cache_index_and_filter_blocks: 0
  cache_index_and_filter_blocks_with_high_priority: 1
  pin_l0_filter_and_index_blocks_in_cache: 0
  pin_top_level_index_and_filter: 1
  index_type: 0
  data_block_index_type: 0
  index_shortening: 1
  data_block_hash_table_util_ratio: 0.750000
  hash_index_allow_collision: 1
  checksum: 1
  no_block_cache: 0
  block_cache: 0x562086182c00
  block_cache_name: LRUCache
  block_cache_options:
    capacity : 8388608
    num_shard_bits : 4
    strict_capacity_limit : 0
    memory_allocator : None
    high_pri_pool_ratio: 0.000
  block_cache_compressed: (nil)
  persistent_cache: (nil)
  block_size: 4096
  block_size_deviation: 10
  block_restart_interval: 16
  index_block_restart_interval: 1
  metadata_block_size: 4096
  partition_filters: 0
  use_delta_encoding: 1
  filter_policy: nullptr
  whole_key_filtering: 1
  verify_compression: 0
  read_amp_bytes_per_bit: 0
  format_version: 5
  enable_index_compression: 1
  block_align: 0
2022/07/23-10:56:10.240722 7fc8f1698000        Options.write_buffer_size: 268435456
2022/07/23-10:56:10.240725 7fc8f1698000  Options.max_write_buffer_number: 8
2022/07/23-10:56:10.240728 7fc8f1698000          Options.compression: NoCompression
2022/07/23-10:56:10.240731 7fc8f1698000                  Options.bottommost_compression: Disabled
2022/07/23-10:56:10.240756 7fc8f1698000       Options.prefix_extractor: nullptr
2022/07/23-10:56:10.240760 7fc8f1698000   Options.memtable_insert_with_hint_prefix_extractor: nullptr
2022/07/23-10:56:10.240763 7fc8f1698000             Options.num_levels: 7
2022/07/23-10:56:10.240765 7fc8f1698000        Options.min_write_buffer_number_to_merge: 1
2022/07/23-10:56:10.240768 7fc8f1698000     Options.max_write_buffer_number_to_maintain: 0
2022/07/23-10:56:10.240771 7fc8f1698000     Options.max_write_buffer_size_to_maintain: 0
2022/07/23-10:56:10.240774 7fc8f1698000            Options.bottommost_compression_opts.window_bits: -14
2022/07/23-10:56:10.240777 7fc8f1698000                  Options.bottommost_compression_opts.level: 32767
2022/07/23-10:56:10.240780 7fc8f1698000               Options.bottommost_compression_opts.strategy: 0
2022/07/23-10:56:10.240783 7fc8f1698000         Options.bottommost_compression_opts.max_dict_bytes: 0
2022/07/23-10:56:10.240786 7fc8f1698000         Options.bottommost_compression_opts.zstd_max_train_bytes: 0
2022/07/23-10:56:10.240788 7fc8f1698000         Options.bottommost_compression_opts.parallel_threads: 1
2022/07/23-10:56:10.240791 7fc8f1698000                  Options.bottommost_compression_opts.enabled: false
2022/07/23-10:56:10.240794 7fc8f1698000         Options.bottommost_compression_opts.max_dict_buffer_bytes: 0
2022/07/23-10:56:10.240797 7fc8f1698000            Options.compression_opts.window_bits: -14
2022/07/23-10:56:10.240800 7fc8f1698000                  Options.compression_opts.level: 32767
2022/07/23-10:56:10.240803 7fc8f1698000               Options.compression_opts.strategy: 0
2022/07/23-10:56:10.240806 7fc8f1698000         Options.compression_opts.max_dict_bytes: 0
2022/07/23-10:56:10.240809 7fc8f1698000         Options.compression_opts.zstd_max_train_bytes: 0
2022/07/23-10:56:10.240811 7fc8f1698000         Options.compression_opts.parallel_threads: 1
2022/07/23-10:56:10.240814 7fc8f1698000                  Options.compression_opts.enabled: false
2022/07/23-10:56:10.240817 7fc8f1698000         Options.compression_opts.max_dict_buffer_bytes: 0
2022/07/23-10:56:10.240820 7fc8f1698000      Options.level0_file_num_compaction_trigger: 4
2022/07/23-10:56:10.240823 7fc8f1698000          Options.level0_slowdown_writes_trigger: 20
2022/07/23-10:56:10.240826 7fc8f1698000              Options.level0_stop_writes_trigger: 36
2022/07/23-10:56:10.240829 7fc8f1698000                   Options.target_file_size_base: 107374182
2022/07/23-10:56:10.240832 7fc8f1698000             Options.target_file_size_multiplier: 1
2022/07/23-10:56:10.240835 7fc8f1698000                Options.max_bytes_for_level_base: 1073741824
2022/07/23-10:56:10.240837 7fc8f1698000 Options.level_compaction_dynamic_level_bytes: 0
2022/07/23-10:56:10.240840 7fc8f1698000          Options.max_bytes_for_level_multiplier: 10.000000
2022/07/23-10:56:10.240845 7fc8f1698000 Options.max_bytes_for_level_multiplier_addtl[0]: 1
2022/07/23-10:56:10.240848 7fc8f1698000 Options.max_bytes_for_level_multiplier_addtl[1]: 1
2022/07/23-10:56:10.240851 7fc8f1698000 Options.max_bytes_for_level_multiplier_addtl[2]: 1
2022/07/23-10:56:10.240854 7fc8f1698000 Options.max_bytes_for_level_multiplier_addtl[3]: 1
2022/07/23-10:56:10.240857 7fc8f1698000 Options.max_bytes_for_level_multiplier_addtl[4]: 1
2022/07/23-10:56:10.240860 7fc8f1698000 Options.max_bytes_for_level_multiplier_addtl[5]: 1
2022/07/23-10:56:10.240863 7fc8f1698000 Options.max_bytes_for_level_multiplier_addtl[6]: 1
2022/07/23-10:56:10.240866 7fc8f1698000       Options.max_sequential_skip_in_iterations: 8
2022/07/23-10:56:10.240869 7fc8f1698000                    Options.max_compaction_bytes: 2684354550
2022/07/23-10:56:10.240872 7fc8f1698000                        Options.arena_block_size: 33554432
2022/07/23-10:56:10.240875 7fc8f1698000   Options.soft_pending_compaction_bytes_limit: 68719476736
2022/07/23-10:56:10.240878 7fc8f1698000   Options.hard_pending_compaction_bytes_limit: 274877906944
2022/07/23-10:56:10.240881 7fc8f1698000       Options.rate_limit_delay_max_milliseconds: 100
2022/07/23-10:56:10.240900 7fc8f1698000                Options.disable_auto_compactions: 0
2022/07/23-10:56:10.240904 7fc8f1698000                        Options.compaction_style: kCompactionStyleLevel
2022/07/23-10:56:10.240908 7fc8f1698000                          Options.compaction_pri: kMinOverlappingRatio
2022/07/23-10:56:10.240911 7fc8f1698000 Options.compaction_options_universal.size_ratio: 1
2022/07/23-10:56:10.240914 7fc8f1698000 Options.compaction_options_universal.min_merge_width: 2
2022/07/23-10:56:10.240917 7fc8f1698000 Options.compaction_options_universal.max_merge_width: 4294967295
2022/07/23-10:56:10.240920 7fc8f1698000 Options.compaction_options_universal.max_size_amplification_percent: 200
2022/07/23-10:56:10.240923 7fc8f1698000 Options.compaction_options_universal.compression_size_percent: -1
2022/07/23-10:56:10.240926 7fc8f1698000 Options.compaction_options_universal.stop_style: kCompactionStopStyleTotalSize
2022/07/23-10:56:10.240929 7fc8f1698000 Options.compaction_options_fifo.max_table_files_size: 1073741824
2022/07/23-10:56:10.240932 7fc8f1698000 Options.compaction_options_fifo.allow_compaction: 0
2022/07/23-10:56:10.240938 7fc8f1698000                   Options.table_properties_collectors: 
2022/07/23-10:56:10.240941 7fc8f1698000                   Options.inplace_update_support: 0
2022/07/23-10:56:10.240944 7fc8f1698000                 Options.inplace_update_num_locks: 10000
2022/07/23-10:56:10.240947 7fc8f1698000               Options.memtable_prefix_bloom_size_ratio: 0.000000
2022/07/23-10:56:10.240951 7fc8f1698000               Options.memtable_whole_key_filtering: 0
2022/07/23-10:56:10.240953 7fc8f1698000   Options.memtable_huge_page_size: 0
2022/07/23-10:56:10.240956 7fc8f1698000                           Options.bloom_locality: 0
2022/07/23-10:56:10.240959 7fc8f1698000                    Options.max_successive_merges: 0
2022/07/23-10:56:10.240962 7fc8f1698000                Options.optimize_filters_for_hits: 0
2022/07/23-10:56:10.240965 7fc8f1698000                Options.paranoid_file_checks: 0
2022/07/23-10:56:10.240968 7fc8f1698000                Options.force_consistency_checks: 1
2022/07/23-10:56:10.240971 7fc8f1698000                Options.report_bg_io_stats: 0
2022/07/23-10:56:10.240974 7fc8f1698000                               Options.ttl: 2592000
2022/07/23-10:56:10.240977 7fc8f1698000          Options.periodic_compaction_seconds: 2592000
2022/07/23-10:56:10.240980 7fc8f1698000                    Options.enable_blob_files: false
2022/07/23-10:56:10.240983 7fc8f1698000                        Options.min_blob_size: 0
2022/07/23-10:56:10.240986 7fc8f1698000                       Options.blob_file_size: 268435456
2022/07/23-10:56:10.240989 7fc8f1698000                Options.blob_compression_type: NoCompression
2022/07/23-10:56:10.240992 7fc8f1698000       Options.enable_blob_garbage_collection: false
2022/07/23-10:56:10.240994 7fc8f1698000   Options.blob_garbage_collection_age_cutoff: 0.250000
2022/07/23-10:56:10.241062 7fc8f1698000 [db/column_family.cc:598] --------------- Options for column family [dead_slots]:
2022/07/23-10:56:10.241067 7fc8f1698000               Options.comparator: leveldb.BytewiseComparator
2022/07/23-10:56:10.241070 7fc8f1698000           Options.merge_operator: None
2022/07/23-10:56:10.241073 7fc8f1698000        Options.compaction_filter: None
2022/07/23-10:56:10.241076 7fc8f1698000        Options.compaction_filter_factory: purged_slot_filter_factory(dead_slots)
2022/07/23-10:56:10.241079 7fc8f1698000  Options.sst_partitioner_factory: None
2022/07/23-10:56:10.241082 7fc8f1698000         Options.memtable_factory: SkipListFactory
2022/07/23-10:56:10.241085 7fc8f1698000            Options.table_factory: BlockBasedTable
2022/07/23-10:56:10.241116 7fc8f1698000            table_factory options:   flush_block_policy_factory: FlushBlockBySizePolicyFactory (0x5620861b6b10)
  cache_index_and_filter_blocks: 0
  cache_index_and_filter_blocks_with_high_priority: 1
  pin_l0_filter_and_index_blocks_in_cache: 0
  pin_top_level_index_and_filter: 1
  index_type: 0
  data_block_index_type: 0
  index_shortening: 1
  data_block_hash_table_util_ratio: 0.750000
  hash_index_allow_collision: 1
  checksum: 1
  no_block_cache: 0
  block_cache: 0x562086242900
  block_cache_name: LRUCache
  block_cache_options:
    capacity : 8388608
    num_shard_bits : 4
    strict_capacity_limit : 0
    memory_allocator : None
    high_pri_pool_ratio: 0.000
  block_cache_compressed: (nil)
  persistent_cache: (nil)
  block_size: 4096
  block_size_deviation: 10
  block_restart_interval: 16
  index_block_restart_interval: 1
  metadata_block_size: 4096
  partition_filters: 0
  use_delta_encoding: 1
  filter_policy: nullptr
  whole_key_filtering: 1
  verify_compression: 0
  read_amp_bytes_per_bit: 0
  format_version: 5
  enable_index_compression: 1
  block_align: 0
2022/07/23-10:56:10.241141 7fc8f1698000        Options.write_buffer_size: 268435456
2022/07/23-10:56:10.241145 7fc8f1698000  Options.max_write_buffer_number: 8
2022/07/23-10:56:10.241148 7fc8f1698000          Options.compression: NoCompression
2022/07/23-10:56:10.241151 7fc8f1698000                  Options.bottommost_compression: Disabled
2022/07/23-10:56:10.241154 7fc8f1698000       Options.prefix_extractor: nullptr
2022/07/23-10:56:10.241157 7fc8f1698000   Options.memtable_insert_with_hint_prefix_extractor: nullptr
2022/07/23-10:56:10.241159 7fc8f1698000             Options.num_levels: 7
2022/07/23-10:56:10.241162 7fc8f1698000        Options.min_write_buffer_number_to_merge: 1
2022/07/23-10:56:10.241165 7fc8f1698000     Options.max_write_buffer_number_to_maintain: 0
2022/07/23-10:56:10.241168 7fc8f1698000     Options.max_write_buffer_size_to_maintain: 0
2022/07/23-10:56:10.241171 7fc8f1698000            Options.bottommost_compression_opts.window_bits: -14
2022/07/23-10:56:10.241174 7fc8f1698000                  Options.bottommost_compression_opts.level: 32767
2022/07/23-10:56:10.241177 7fc8f1698000               Options.bottommost_compression_opts.strategy: 0
2022/07/23-10:56:10.241180 7fc8f1698000         Options.bottommost_compression_opts.max_dict_bytes: 0
2022/07/23-10:56:10.241183 7fc8f1698000         Options.bottommost_compression_opts.zstd_max_train_bytes: 0
2022/07/23-10:56:10.241186 7fc8f1698000         Options.bottommost_compression_opts.parallel_threads: 1
2022/07/23-10:56:10.241189 7fc8f1698000                  Options.bottommost_compression_opts.enabled: false
2022/07/23-10:56:10.241192 7fc8f1698000         Options.bottommost_compression_opts.max_dict_buffer_bytes: 0
2022/07/23-10:56:10.241195 7fc8f1698000            Options.compression_opts.window_bits: -14
2022/07/23-10:56:10.241197 7fc8f1698000                  Options.compression_opts.level: 32767
2022/07/23-10:56:10.241200 7fc8f1698000               Options.compression_opts.strategy: 0
2022/07/23-10:56:10.241203 7fc8f1698000         Options.compression_opts.max_dict_bytes: 0
2022/07/23-10:56:10.241206 7fc8f1698000         Options.compression_opts.zstd_max_train_bytes: 0
2022/07/23-10:56:10.241209 7fc8f1698000         Options.compression_opts.parallel_threads: 1
2022/07/23-10:56:10.241212 7fc8f1698000                  Options.compression_opts.enabled: false
2022/07/23-10:56:10.241215 7fc8f1698000         Options.compression_opts.max_dict_buffer_bytes: 0
2022/07/23-10:56:10.241218 7fc8f1698000      Options.level0_file_num_compaction_trigger: 4
2022/07/23-10:56:10.241221 7fc8f1698000          Options.level0_slowdown_writes_trigger: 20
2022/07/23-10:56:10.241224 7fc8f1698000              Options.level0_stop_writes_trigger: 36
2022/07/23-10:56:10.241227 7fc8f1698000                   Options.target_file_size_base: 107374182
2022/07/23-10:56:10.241230 7fc8f1698000             Options.target_file_size_multiplier: 1
2022/07/23-10:56:10.241233 7fc8f1698000                Options.max_bytes_for_level_base: 1073741824
2022/07/23-10:56:10.241235 7fc8f1698000 Options.level_compaction_dynamic_level_bytes: 0
2022/07/23-10:56:10.241238 7fc8f1698000          Options.max_bytes_for_level_multiplier: 10.000000
2022/07/23-10:56:10.241243 7fc8f1698000 Options.max_bytes_for_level_multiplier_addtl[0]: 1
2022/07/23-10:56:10.241260 7fc8f1698000 Options.max_bytes_for_level_multiplier_addtl[1]: 1
2022/07/23-10:56:10.241264 7fc8f1698000 Options.max_bytes_for_level_multiplier_addtl[2]: 1
2022/07/23-10:56:10.241267 7fc8f1698000 Options.max_bytes_for_level_multiplier_addtl[3]: 1
2022/07/23-10:56:10.241270 7fc8f1698000 Options.max_bytes_for_level_multiplier_addtl[4]: 1
2022/07/23-10:56:10.241273 7fc8f1698000 Options.max_bytes_for_level_multiplier_addtl[5]: 1
2022/07/23-10:56:10.241276 7fc8f1698000 Options.max_bytes_for_level_multiplier_addtl[6]: 1
2022/07/23-10:56:10.241279 7fc8f1698000       Options.max_sequential_skip_in_iterations: 8
2022/07/23-10:56:10.241282 7fc8f1698000                    Options.max_compaction_bytes: 2684354550
2022/07/23-10:56:10.241285 7fc8f1698000                        Options.arena_block_size: 33554432
2022/07/23-10:56:10.241287 7fc8f1698000   Options.soft_pending_compaction_bytes_limit: 68719476736
2022/07/23-10:56:10.241291 7fc8f1698000   Options.hard_pending_compaction_bytes_limit: 274877906944
2022/07/23-10:56:10.241294 7fc8f1698000       Options.rate_limit_delay_max_milliseconds: 100
2022/07/23-10:56:10.241296 7fc8f1698000                Options.disable_auto_compactions: 0
2022/07/23-10:56:10.241300 7fc8f1698000                        Options.compaction_style: kCompactionStyleLevel
2022/07/23-10:56:10.241303 7fc8f1698000                          Options.compaction_pri: kMinOverlappingRatio
2022/07/23-10:56:10.241306 7fc8f1698000 Options.compaction_options_universal.size_ratio: 1
2022/07/23-10:56:10.241309 7fc8f1698000 Options.compaction_options_universal.min_merge_width: 2
2022/07/23-10:56:10.241312 7fc8f1698000 Options.compaction_options_universal.max_merge_width: 4294967295
2022/07/23-10:56:10.241315 7fc8f1698000 Options.compaction_options_universal.max_size_amplification_percent: 200
2022/07/23-10:56:10.241318 7fc8f1698000 Options.compaction_options_universal.compression_size_percent: -1
2022/07/23-10:56:10.241321 7fc8f1698000 Options.compaction_options_universal.stop_style: kCompactionStopStyleTotalSize
2022/07/23-10:56:10.241324 7fc8f1698000 Options.compaction_options_fifo.max_table_files_size: 1073741824
2022/07/23-10:56:10.241327 7fc8f1698000 Options.compaction_options_fifo.allow_compaction: 0
2022/07/23-10:56:10.241332 7fc8f1698000                   Options.table_properties_collectors: 
2022/07/23-10:56:10.241336 7fc8f1698000                   Options.inplace_update_support: 0
2022/07/23-10:56:10.241338 7fc8f1698000                 Options.inplace_update_num_locks: 10000
2022/07/23-10:56:10.241341 7fc8f1698000               Options.memtable_prefix_bloom_size_ratio: 0.000000
2022/07/23-10:56:10.241345 7fc8f1698000               Options.memtable_whole_key_filtering: 0
2022/07/23-10:56:10.241348 7fc8f1698000   Options.memtable_huge_page_size: 0
2022/07/23-10:56:10.241351 7fc8f1698000                           Options.bloom_locality: 0
2022/07/23-10:56:10.241354 7fc8f1698000                    Options.max_successive_merges: 0
2022/07/23-10:56:10.241357 7fc8f1698000                Options.optimize_filters_for_hits: 0
2022/07/23-10:56:10.241359 7fc8f1698000                Options.paranoid_file_checks: 0
2022/07/23-10:56:10.241362 7fc8f1698000                Options.force_consistency_checks: 1
2022/07/23-10:56:10.241365 7fc8f1698000                Options.report_bg_io_stats: 0
2022/07/23-10:56:10.241368 7fc8f1698000                               Options.ttl: 2592000
2022/07/23-10:56:10.241371 7fc8f1698000          Options.periodic_compaction_seconds: 2592000
2022/07/23-10:56:10.241374 7fc8f1698000                    Options.enable_blob_files: false
2022/07/23-10:56:10.241377 7fc8f1698000                        Options.min_blob_size: 0
2022/07/23-10:56:10.241380 7fc8f1698000                       Options.blob_file_size: 268435456
2022/07/23-10:56:10.241383 7fc8f1698000                Options.blob_compression_type: NoCompression
2022/07/23-10:56:10.241386 7fc8f1698000       Options.enable_blob_garbage_collection: false
2022/07/23-10:56:10.241388 7fc8f1698000   Options.blob_garbage_collection_age_cutoff: 0.250000
2022/07/23-10:56:10.241464 7fc8f1698000 [db/column_family.cc:598] --------------- Options for column family [duplicate_slots]:
2022/07/23-10:56:10.241471 7fc8f1698000               Options.comparator: leveldb.BytewiseComparator
2022/07/23-10:56:10.241474 7fc8f1698000           Options.merge_operator: None
2022/07/23-10:56:10.241476 7fc8f1698000        Options.compaction_filter: None
2022/07/23-10:56:10.241479 7fc8f1698000        Options.compaction_filter_factory: purged_slot_filter_factory(duplicate_slots)
2022/07/23-10:56:10.241482 7fc8f1698000  Options.sst_partitioner_factory: None
2022/07/23-10:56:10.241485 7fc8f1698000         Options.memtable_factory: SkipListFactory
2022/07/23-10:56:10.241488 7fc8f1698000            Options.table_factory: BlockBasedTable
2022/07/23-10:56:10.241519 7fc8f1698000            table_factory options:   flush_block_policy_factory: FlushBlockBySizePolicyFactory (0x5620861ac1c0)
  cache_index_and_filter_blocks: 0
  cache_index_and_filter_blocks_with_high_priority: 1
  pin_l0_filter_and_index_blocks_in_cache: 0
  pin_top_level_index_and_filter: 1
  index_type: 0
  data_block_index_type: 0
  index_shortening: 1
  data_block_hash_table_util_ratio: 0.750000
  hash_index_allow_collision: 1
  checksum: 1
  no_block_cache: 0
  block_cache: 0x562086290bd0
  block_cache_name: LRUCache
  block_cache_options:
    capacity : 8388608
    num_shard_bits : 4
    strict_capacity_limit : 0
    memory_allocator : None
    high_pri_pool_ratio: 0.000
  block_cache_compressed: (nil)
  persistent_cache: (nil)
  block_size: 4096
  block_size_deviation: 10
  block_restart_interval: 16
  index_block_restart_interval: 1
  metadata_block_size: 4096
  partition_filters: 0
  use_delta_encoding: 1
  filter_policy: nullptr
  whole_key_filtering: 1
  verify_compression: 0
  read_amp_bytes_per_bit: 0
  format_version: 5
  enable_index_compression: 1
  block_align: 0
2022/07/23-10:56:10.241522 7fc8f1698000        Options.write_buffer_size: 268435456
2022/07/23-10:56:10.241525 7fc8f1698000  Options.max_write_buffer_number: 8
2022/07/23-10:56:10.241528 7fc8f1698000          Options.compression: NoCompression
2022/07/23-10:56:10.241531 7fc8f1698000                  Options.bottommost_compression: Disabled
2022/07/23-10:56:10.241534 7fc8f1698000       Options.prefix_extractor: nullptr
2022/07/23-10:56:10.241537 7fc8f1698000   Options.memtable_insert_with_hint_prefix_extractor: nullptr
2022/07/23-10:56:10.241540 7fc8f1698000             Options.num_levels: 7
2022/07/23-10:56:10.241543 7fc8f1698000        Options.min_write_buffer_number_to_merge: 1
2022/07/23-10:56:10.241546 7fc8f1698000     Options.max_write_buffer_number_to_maintain: 0
2022/07/23-10:56:10.241549 7fc8f1698000     Options.max_write_buffer_size_to_maintain: 0
2022/07/23-10:56:10.241551 7fc8f1698000            Options.bottommost_compression_opts.window_bits: -14
2022/07/23-10:56:10.241554 7fc8f1698000                  Options.bottommost_compression_opts.level: 32767
