2022/07/23-10:56:09.517803 7fc8f1698000 RocksDB version: 6.20.3
2022/07/23-10:56:09.517918 7fc8f1698000 Git sha 8608d75d85f8e1b3b64b73a4fb6d19baec61ba5c
2022/07/23-10:56:09.517926 7fc8f1698000 Compile date 2021-05-05 20:35:30
2022/07/23-10:56:09.518008 7fc8f1698000 DB SUMMARY
2022/07/23-10:56:09.518014 7fc8f1698000 DB Session ID:  LFW86GNFWGW2LPB2TUX6
2022/07/23-10:56:09.518081 7fc8f1698000 SST files in test-ledger/rocksdb dir, Total Num: 0, files: 
2022/07/23-10:56:09.518088 7fc8f1698000 Write Ahead Log file in test-ledger/rocksdb: 
2022/07/23-10:56:09.518092 7fc8f1698000                         Options.error_if_exists: 0
2022/07/23-10:56:09.518095 7fc8f1698000                       Options.create_if_missing: 1
2022/07/23-10:56:09.518098 7fc8f1698000                         Options.paranoid_checks: 1
2022/07/23-10:56:09.518101 7fc8f1698000                               Options.track_and_verify_wals_in_manifest: 0
2022/07/23-10:56:09.518103 7fc8f1698000                                     Options.env: 0x562085602420
2022/07/23-10:56:09.518107 7fc8f1698000                                      Options.fs: Posix File System
2022/07/23-10:56:09.518110 7fc8f1698000                                Options.info_log: 0x5620861a2e20
2022/07/23-10:56:09.518112 7fc8f1698000                Options.max_file_opening_threads: 16
2022/07/23-10:56:09.518115 7fc8f1698000                              Options.statistics: (nil)
2022/07/23-10:56:09.518118 7fc8f1698000                               Options.use_fsync: 0
2022/07/23-10:56:09.518120 7fc8f1698000                       Options.max_log_file_size: 0
2022/07/23-10:56:09.518123 7fc8f1698000                  Options.max_manifest_file_size: 1073741824
2022/07/23-10:56:09.518125 7fc8f1698000                   Options.log_file_time_to_roll: 0
2022/07/23-10:56:09.518128 7fc8f1698000                       Options.keep_log_file_num: 1000
2022/07/23-10:56:09.518130 7fc8f1698000                    Options.recycle_log_file_num: 0
2022/07/23-10:56:09.518133 7fc8f1698000                         Options.allow_fallocate: 1
2022/07/23-10:56:09.518136 7fc8f1698000                        Options.allow_mmap_reads: 0
2022/07/23-10:56:09.518138 7fc8f1698000                       Options.allow_mmap_writes: 0
2022/07/23-10:56:09.518141 7fc8f1698000                        Options.use_direct_reads: 0
2022/07/23-10:56:09.518144 7fc8f1698000                        Options.use_direct_io_for_flush_and_compaction: 0
2022/07/23-10:56:09.518147 7fc8f1698000          Options.create_missing_column_families: 1
2022/07/23-10:56:09.518150 7fc8f1698000                              Options.db_log_dir: 
2022/07/23-10:56:09.518153 7fc8f1698000                                 Options.wal_dir: test-ledger/rocksdb
2022/07/23-10:56:09.518156 7fc8f1698000                Options.table_cache_numshardbits: 6
2022/07/23-10:56:09.518158 7fc8f1698000                         Options.WAL_ttl_seconds: 0
2022/07/23-10:56:09.518161 7fc8f1698000                       Options.WAL_size_limit_MB: 0
2022/07/23-10:56:09.518164 7fc8f1698000                        Options.max_write_batch_group_size_bytes: 1048576
2022/07/23-10:56:09.518166 7fc8f1698000             Options.manifest_preallocation_size: 4194304
2022/07/23-10:56:09.518169 7fc8f1698000                     Options.is_fd_close_on_exec: 1
2022/07/23-10:56:09.518171 7fc8f1698000                   Options.advise_random_on_open: 1
2022/07/23-10:56:09.518174 7fc8f1698000                    Options.db_write_buffer_size: 0
2022/07/23-10:56:09.518176 7fc8f1698000                    Options.write_buffer_manager: 0x5620861ed3d0
2022/07/23-10:56:09.518179 7fc8f1698000         Options.access_hint_on_compaction_start: 1
2022/07/23-10:56:09.518182 7fc8f1698000  Options.new_table_reader_for_compaction_inputs: 0
2022/07/23-10:56:09.518185 7fc8f1698000           Options.random_access_max_buffer_size: 1048576
2022/07/23-10:56:09.518188 7fc8f1698000                      Options.use_adaptive_mutex: 0
2022/07/23-10:56:09.518191 7fc8f1698000                            Options.rate_limiter: (nil)
2022/07/23-10:56:09.518195 7fc8f1698000     Options.sst_file_manager.rate_bytes_per_sec: 0
2022/07/23-10:56:09.518236 7fc8f1698000                       Options.wal_recovery_mode: 2
2022/07/23-10:56:09.518241 7fc8f1698000                  Options.enable_thread_tracking: 0
2022/07/23-10:56:09.518243 7fc8f1698000                  Options.enable_pipelined_write: 0
2022/07/23-10:56:09.518246 7fc8f1698000                  Options.unordered_write: 0
2022/07/23-10:56:09.518248 7fc8f1698000         Options.allow_concurrent_memtable_write: 1
2022/07/23-10:56:09.518251 7fc8f1698000      Options.enable_write_thread_adaptive_yield: 1
2022/07/23-10:56:09.518254 7fc8f1698000             Options.write_thread_max_yield_usec: 100
2022/07/23-10:56:09.518257 7fc8f1698000            Options.write_thread_slow_yield_usec: 3
2022/07/23-10:56:09.518260 7fc8f1698000                               Options.row_cache: None
2022/07/23-10:56:09.518262 7fc8f1698000                              Options.wal_filter: None
2022/07/23-10:56:09.518266 7fc8f1698000             Options.avoid_flush_during_recovery: 0
2022/07/23-10:56:09.518268 7fc8f1698000             Options.allow_ingest_behind: 0
2022/07/23-10:56:09.518271 7fc8f1698000             Options.preserve_deletes: 0
2022/07/23-10:56:09.518274 7fc8f1698000             Options.two_write_queues: 0
2022/07/23-10:56:09.518277 7fc8f1698000             Options.manual_wal_flush: 0
2022/07/23-10:56:09.518280 7fc8f1698000             Options.atomic_flush: 0
2022/07/23-10:56:09.518282 7fc8f1698000             Options.avoid_unnecessary_blocking_io: 0
2022/07/23-10:56:09.518285 7fc8f1698000                 Options.persist_stats_to_disk: 0
2022/07/23-10:56:09.518288 7fc8f1698000                 Options.write_dbid_to_manifest: 0
2022/07/23-10:56:09.518291 7fc8f1698000                 Options.log_readahead_size: 0
2022/07/23-10:56:09.518294 7fc8f1698000                 Options.file_checksum_gen_factory: Unknown
2022/07/23-10:56:09.518297 7fc8f1698000                 Options.best_efforts_recovery: 0
2022/07/23-10:56:09.518299 7fc8f1698000                Options.max_bgerror_resume_count: 2147483647
2022/07/23-10:56:09.518302 7fc8f1698000            Options.bgerror_resume_retry_interval: 1000000
2022/07/23-10:56:09.518305 7fc8f1698000             Options.allow_data_in_errors: 0
2022/07/23-10:56:09.518308 7fc8f1698000             Options.db_host_id: __hostname__
2022/07/23-10:56:09.518311 7fc8f1698000             Options.max_background_jobs: 8
2022/07/23-10:56:09.518314 7fc8f1698000             Options.max_background_compactions: -1
2022/07/23-10:56:09.518317 7fc8f1698000             Options.max_subcompactions: 1
2022/07/23-10:56:09.518320 7fc8f1698000             Options.avoid_flush_during_shutdown: 0
2022/07/23-10:56:09.518323 7fc8f1698000           Options.writable_file_max_buffer_size: 1048576
2022/07/23-10:56:09.518326 7fc8f1698000             Options.delayed_write_rate : 16777216
2022/07/23-10:56:09.518329 7fc8f1698000             Options.max_total_wal_size: 4294967296
2022/07/23-10:56:09.518333 7fc8f1698000             Options.delete_obsolete_files_period_micros: 21600000000
2022/07/23-10:56:09.518336 7fc8f1698000                   Options.stats_dump_period_sec: 600
2022/07/23-10:56:09.518339 7fc8f1698000                 Options.stats_persist_period_sec: 600
2022/07/23-10:56:09.518342 7fc8f1698000                 Options.stats_history_buffer_size: 1048576
2022/07/23-10:56:09.518345 7fc8f1698000                          Options.max_open_files: -1
2022/07/23-10:56:09.518348 7fc8f1698000                          Options.bytes_per_sync: 0
2022/07/23-10:56:09.518351 7fc8f1698000                      Options.wal_bytes_per_sync: 0
2022/07/23-10:56:09.518354 7fc8f1698000                   Options.strict_bytes_per_sync: 0
2022/07/23-10:56:09.518357 7fc8f1698000       Options.compaction_readahead_size: 0
2022/07/23-10:56:09.518360 7fc8f1698000                  Options.max_background_flushes: -1
2022/07/23-10:56:09.518363 7fc8f1698000 Compression algorithms supported:
2022/07/23-10:56:09.518366 7fc8f1698000 	kZSTDNotFinalCompression supported: 0
2022/07/23-10:56:09.518369 7fc8f1698000 	kZSTD supported: 0
2022/07/23-10:56:09.518395 7fc8f1698000 	kXpressCompression supported: 0
2022/07/23-10:56:09.518400 7fc8f1698000 	kLZ4HCCompression supported: 1
2022/07/23-10:56:09.518403 7fc8f1698000 	kLZ4Compression supported: 1
2022/07/23-10:56:09.518406 7fc8f1698000 	kBZip2Compression supported: 0
2022/07/23-10:56:09.518409 7fc8f1698000 	kZlibCompression supported: 0
2022/07/23-10:56:09.518412 7fc8f1698000 	kSnappyCompression supported: 0
2022/07/23-10:56:09.518417 7fc8f1698000 Fast CRC32 supported: Not supported on x86
2022/07/23-10:56:09.521800 7fc8f1698000 [db/db_impl/db_impl_open.cc:285] Creating manifest 1 
2022/07/23-10:56:09.527751 7fc8f1698000 [db/version_set.cc:4627] Recovering from manifest file: test-ledger/rocksdb/MANIFEST-000001
2022/07/23-10:56:09.528343 7fc8f1698000 [db/column_family.cc:598] --------------- Options for column family [default]:
2022/07/23-10:56:09.528351 7fc8f1698000               Options.comparator: leveldb.BytewiseComparator
2022/07/23-10:56:09.528355 7fc8f1698000           Options.merge_operator: None
2022/07/23-10:56:09.528358 7fc8f1698000        Options.compaction_filter: None
2022/07/23-10:56:09.528361 7fc8f1698000        Options.compaction_filter_factory: None
2022/07/23-10:56:09.528364 7fc8f1698000  Options.sst_partitioner_factory: None
2022/07/23-10:56:09.528367 7fc8f1698000         Options.memtable_factory: SkipListFactory
2022/07/23-10:56:09.528369 7fc8f1698000            Options.table_factory: BlockBasedTable
2022/07/23-10:56:09.528418 7fc8f1698000            table_factory options:   flush_block_policy_factory: FlushBlockBySizePolicyFactory (0x5620861e4ce0)
  cache_index_and_filter_blocks: 0
  cache_index_and_filter_blocks_with_high_priority: 1
  pin_l0_filter_and_index_blocks_in_cache: 0
  pin_top_level_index_and_filter: 1
  index_type: 0
  data_block_index_type: 0
  index_shortening: 1
  data_block_hash_table_util_ratio: 0.750000
  hash_index_allow_collision: 1
  checksum: 1
  no_block_cache: 0
  block_cache: 0x5620861e4d30
  block_cache_name: LRUCache
  block_cache_options:
    capacity : 8388608
    num_shard_bits : 4
    strict_capacity_limit : 0
    memory_allocator : None
    high_pri_pool_ratio: 0.000
  block_cache_compressed: (nil)
  persistent_cache: (nil)
  block_size: 4096
  block_size_deviation: 10
  block_restart_interval: 16
  index_block_restart_interval: 1
  metadata_block_size: 4096
  partition_filters: 0
  use_delta_encoding: 1
  filter_policy: nullptr
  whole_key_filtering: 1
  verify_compression: 0
  read_amp_bytes_per_bit: 0
  format_version: 5
  enable_index_compression: 1
  block_align: 0
2022/07/23-10:56:09.528423 7fc8f1698000        Options.write_buffer_size: 67108864
2022/07/23-10:56:09.528426 7fc8f1698000  Options.max_write_buffer_number: 2
2022/07/23-10:56:09.528429 7fc8f1698000          Options.compression: NoCompression
2022/07/23-10:56:09.528432 7fc8f1698000                  Options.bottommost_compression: Disabled
2022/07/23-10:56:09.528434 7fc8f1698000       Options.prefix_extractor: nullptr
2022/07/23-10:56:09.528446 7fc8f1698000   Options.memtable_insert_with_hint_prefix_extractor: nullptr
2022/07/23-10:56:09.528449 7fc8f1698000             Options.num_levels: 7
2022/07/23-10:56:09.528452 7fc8f1698000        Options.min_write_buffer_number_to_merge: 1
2022/07/23-10:56:09.528455 7fc8f1698000     Options.max_write_buffer_number_to_maintain: 0
2022/07/23-10:56:09.528458 7fc8f1698000     Options.max_write_buffer_size_to_maintain: 0
2022/07/23-10:56:09.528461 7fc8f1698000            Options.bottommost_compression_opts.window_bits: -14
2022/07/23-10:56:09.528464 7fc8f1698000                  Options.bottommost_compression_opts.level: 32767
2022/07/23-10:56:09.528466 7fc8f1698000               Options.bottommost_compression_opts.strategy: 0
2022/07/23-10:56:09.528469 7fc8f1698000         Options.bottommost_compression_opts.max_dict_bytes: 0
2022/07/23-10:56:09.528472 7fc8f1698000         Options.bottommost_compression_opts.zstd_max_train_bytes: 0
2022/07/23-10:56:09.528475 7fc8f1698000         Options.bottommost_compression_opts.parallel_threads: 1
2022/07/23-10:56:09.528478 7fc8f1698000                  Options.bottommost_compression_opts.enabled: false
2022/07/23-10:56:09.528518 7fc8f1698000         Options.bottommost_compression_opts.max_dict_buffer_bytes: 0
2022/07/23-10:56:09.528523 7fc8f1698000            Options.compression_opts.window_bits: -14
2022/07/23-10:56:09.528526 7fc8f1698000                  Options.compression_opts.level: 32767
2022/07/23-10:56:09.528529 7fc8f1698000               Options.compression_opts.strategy: 0
2022/07/23-10:56:09.528531 7fc8f1698000         Options.compression_opts.max_dict_bytes: 0
2022/07/23-10:56:09.528534 7fc8f1698000         Options.compression_opts.zstd_max_train_bytes: 0
2022/07/23-10:56:09.528537 7fc8f1698000         Options.compression_opts.parallel_threads: 1
2022/07/23-10:56:09.528539 7fc8f1698000                  Options.compression_opts.enabled: false
2022/07/23-10:56:09.528542 7fc8f1698000         Options.compression_opts.max_dict_buffer_bytes: 0
2022/07/23-10:56:09.528545 7fc8f1698000      Options.level0_file_num_compaction_trigger: 4
2022/07/23-10:56:09.528548 7fc8f1698000          Options.level0_slowdown_writes_trigger: 20
2022/07/23-10:56:09.528550 7fc8f1698000              Options.level0_stop_writes_trigger: 36
2022/07/23-10:56:09.528553 7fc8f1698000                   Options.target_file_size_base: 67108864
2022/07/23-10:56:09.528556 7fc8f1698000             Options.target_file_size_multiplier: 1
2022/07/23-10:56:09.528559 7fc8f1698000                Options.max_bytes_for_level_base: 268435456
2022/07/23-10:56:09.528562 7fc8f1698000 Options.level_compaction_dynamic_level_bytes: 0
2022/07/23-10:56:09.528565 7fc8f1698000          Options.max_bytes_for_level_multiplier: 10.000000
2022/07/23-10:56:09.528571 7fc8f1698000 Options.max_bytes_for_level_multiplier_addtl[0]: 1
2022/07/23-10:56:09.528574 7fc8f1698000 Options.max_bytes_for_level_multiplier_addtl[1]: 1
2022/07/23-10:56:09.528577 7fc8f1698000 Options.max_bytes_for_level_multiplier_addtl[2]: 1
2022/07/23-10:56:09.528580 7fc8f1698000 Options.max_bytes_for_level_multiplier_addtl[3]: 1
2022/07/23-10:56:09.528583 7fc8f1698000 Options.max_bytes_for_level_multiplier_addtl[4]: 1
2022/07/23-10:56:09.528586 7fc8f1698000 Options.max_bytes_for_level_multiplier_addtl[5]: 1
2022/07/23-10:56:09.528589 7fc8f1698000 Options.max_bytes_for_level_multiplier_addtl[6]: 1
2022/07/23-10:56:09.528592 7fc8f1698000       Options.max_sequential_skip_in_iterations: 8
2022/07/23-10:56:09.528595 7fc8f1698000                    Options.max_compaction_bytes: 1677721600
2022/07/23-10:56:09.528598 7fc8f1698000                        Options.arena_block_size: 8388608
2022/07/23-10:56:09.528601 7fc8f1698000   Options.soft_pending_compaction_bytes_limit: 68719476736
2022/07/23-10:56:09.528604 7fc8f1698000   Options.hard_pending_compaction_bytes_limit: 274877906944
2022/07/23-10:56:09.528607 7fc8f1698000       Options.rate_limit_delay_max_milliseconds: 100
2022/07/23-10:56:09.528610 7fc8f1698000                Options.disable_auto_compactions: 0
2022/07/23-10:56:09.528614 7fc8f1698000                        Options.compaction_style: kCompactionStyleLevel
2022/07/23-10:56:09.528618 7fc8f1698000                          Options.compaction_pri: kMinOverlappingRatio
2022/07/23-10:56:09.528621 7fc8f1698000 Options.compaction_options_universal.size_ratio: 1
2022/07/23-10:56:09.528624 7fc8f1698000 Options.compaction_options_universal.min_merge_width: 2
2022/07/23-10:56:09.528627 7fc8f1698000 Options.compaction_options_universal.max_merge_width: 4294967295
2022/07/23-10:56:09.528630 7fc8f1698000 Options.compaction_options_universal.max_size_amplification_percent: 200
2022/07/23-10:56:09.528633 7fc8f1698000 Options.compaction_options_universal.compression_size_percent: -1
2022/07/23-10:56:09.528637 7fc8f1698000 Options.compaction_options_universal.stop_style: kCompactionStopStyleTotalSize
2022/07/23-10:56:09.528640 7fc8f1698000 Options.compaction_options_fifo.max_table_files_size: 1073741824
2022/07/23-10:56:09.528642 7fc8f1698000 Options.compaction_options_fifo.allow_compaction: 0
2022/07/23-10:56:09.528651 7fc8f1698000                   Options.table_properties_collectors: 
2022/07/23-10:56:09.528676 7fc8f1698000                   Options.inplace_update_support: 0
2022/07/23-10:56:09.528681 7fc8f1698000                 Options.inplace_update_num_locks: 10000
2022/07/23-10:56:09.528684 7fc8f1698000               Options.memtable_prefix_bloom_size_ratio: 0.000000
2022/07/23-10:56:09.528688 7fc8f1698000               Options.memtable_whole_key_filtering: 0
2022/07/23-10:56:09.528691 7fc8f1698000   Options.memtable_huge_page_size: 0
2022/07/23-10:56:09.528694 7fc8f1698000                           Options.bloom_locality: 0
2022/07/23-10:56:09.528697 7fc8f1698000                    Options.max_successive_merges: 0
2022/07/23-10:56:09.528700 7fc8f1698000                Options.optimize_filters_for_hits: 0
2022/07/23-10:56:09.528703 7fc8f1698000                Options.paranoid_file_checks: 0
2022/07/23-10:56:09.528705 7fc8f1698000                Options.force_consistency_checks: 1
2022/07/23-10:56:09.528708 7fc8f1698000                Options.report_bg_io_stats: 0
2022/07/23-10:56:09.528711 7fc8f1698000                               Options.ttl: 2592000
2022/07/23-10:56:09.528714 7fc8f1698000          Options.periodic_compaction_seconds: 0
2022/07/23-10:56:09.528717 7fc8f1698000                    Options.enable_blob_files: false
2022/07/23-10:56:09.528720 7fc8f1698000                        Options.min_blob_size: 0
2022/07/23-10:56:09.528722 7fc8f1698000                       Options.blob_file_size: 268435456
2022/07/23-10:56:09.528725 7fc8f1698000                Options.blob_compression_type: NoCompression
2022/07/23-10:56:09.528728 7fc8f1698000       Options.enable_blob_garbage_collection: false
2022/07/23-10:56:09.528731 7fc8f1698000   Options.blob_garbage_collection_age_cutoff: 0.250000
2022/07/23-10:56:09.529743 7fc8f1698000 [db/version_set.cc:4675] Recovered from manifest file:test-ledger/rocksdb/MANIFEST-000001 succeeded,manifest_file_number is 1, next_file_number is 3, last_sequence is 0, log_number is 0,prev_log_number is 0,max_column_family is 0,min_log_number_to_keep is 0
2022/07/23-10:56:09.529755 7fc8f1698000 [db/version_set.cc:4684] Column family [default] (ID 0), log number is 0
2022/07/23-10:56:09.529865 7fc8f1698000 [db/version_set.cc:4119] Creating manifest 4
2022/07/23-10:56:09.538120 7fc8f1698000 [db/column_family.cc:598] --------------- Options for column family [meta]:
2022/07/23-10:56:09.538136 7fc8f1698000               Options.comparator: leveldb.BytewiseComparator
2022/07/23-10:56:09.538138 7fc8f1698000           Options.merge_operator: None
2022/07/23-10:56:09.538140 7fc8f1698000        Options.compaction_filter: None
2022/07/23-10:56:09.538149 7fc8f1698000        Options.compaction_filter_factory: purged_slot_filter_factory(meta)
2022/07/23-10:56:09.538150 7fc8f1698000  Options.sst_partitioner_factory: None
2022/07/23-10:56:09.538151 7fc8f1698000         Options.memtable_factory: SkipListFactory
2022/07/23-10:56:09.538153 7fc8f1698000            Options.table_factory: BlockBasedTable
2022/07/23-10:56:09.538185 7fc8f1698000            table_factory options:   flush_block_policy_factory: FlushBlockBySizePolicyFactory (0x5620861b9240)
  cache_index_and_filter_blocks: 0
  cache_index_and_filter_blocks_with_high_priority: 1
  pin_l0_filter_and_index_blocks_in_cache: 0
  pin_top_level_index_and_filter: 1
  index_type: 0
  data_block_index_type: 0
  index_shortening: 1
  data_block_hash_table_util_ratio: 0.750000
  hash_index_allow_collision: 1
  checksum: 1
  no_block_cache: 0
  block_cache: 0x5620861b9030
  block_cache_name: LRUCache
  block_cache_options:
    capacity : 8388608
    num_shard_bits : 4
    strict_capacity_limit : 0
    memory_allocator : None
    high_pri_pool_ratio: 0.000
  block_cache_compressed: (nil)
  persistent_cache: (nil)
  block_size: 4096
  block_size_deviation: 10
  block_restart_interval: 16
  index_block_restart_interval: 1
  metadata_block_size: 4096
  partition_filters: 0
  use_delta_encoding: 1
  filter_policy: nullptr
  whole_key_filtering: 1
  verify_compression: 0
  read_amp_bytes_per_bit: 0
  format_version: 5
  enable_index_compression: 1
  block_align: 0
2022/07/23-10:56:09.538188 7fc8f1698000        Options.write_buffer_size: 268435456
2022/07/23-10:56:09.538189 7fc8f1698000  Options.max_write_buffer_number: 8
2022/07/23-10:56:09.538191 7fc8f1698000          Options.compression: NoCompression
2022/07/23-10:56:09.538192 7fc8f1698000                  Options.bottommost_compression: Disabled
2022/07/23-10:56:09.538194 7fc8f1698000       Options.prefix_extractor: nullptr
2022/07/23-10:56:09.538195 7fc8f1698000   Options.memtable_insert_with_hint_prefix_extractor: nullptr
2022/07/23-10:56:09.538197 7fc8f1698000             Options.num_levels: 7
2022/07/23-10:56:09.538198 7fc8f1698000        Options.min_write_buffer_number_to_merge: 1
2022/07/23-10:56:09.538199 7fc8f1698000     Options.max_write_buffer_number_to_maintain: 0
2022/07/23-10:56:09.538200 7fc8f1698000     Options.max_write_buffer_size_to_maintain: 0
2022/07/23-10:56:09.538202 7fc8f1698000            Options.bottommost_compression_opts.window_bits: -14
2022/07/23-10:56:09.538204 7fc8f1698000                  Options.bottommost_compression_opts.level: 32767
2022/07/23-10:56:09.538205 7fc8f1698000               Options.bottommost_compression_opts.strategy: 0
2022/07/23-10:56:09.538206 7fc8f1698000         Options.bottommost_compression_opts.max_dict_bytes: 0
2022/07/23-10:56:09.538207 7fc8f1698000         Options.bottommost_compression_opts.zstd_max_train_bytes: 0
2022/07/23-10:56:09.538209 7fc8f1698000         Options.bottommost_compression_opts.parallel_threads: 1
2022/07/23-10:56:09.538210 7fc8f1698000                  Options.bottommost_compression_opts.enabled: false
2022/07/23-10:56:09.538212 7fc8f1698000         Options.bottommost_compression_opts.max_dict_buffer_bytes: 0
2022/07/23-10:56:09.538213 7fc8f1698000            Options.compression_opts.window_bits: -14
2022/07/23-10:56:09.538214 7fc8f1698000                  Options.compression_opts.level: 32767
2022/07/23-10:56:09.538216 7fc8f1698000               Options.compression_opts.strategy: 0
2022/07/23-10:56:09.538217 7fc8f1698000         Options.compression_opts.max_dict_bytes: 0
2022/07/23-10:56:09.538218 7fc8f1698000         Options.compression_opts.zstd_max_train_bytes: 0
2022/07/23-10:56:09.538220 7fc8f1698000         Options.compression_opts.parallel_threads: 1
2022/07/23-10:56:09.538259 7fc8f1698000                  Options.compression_opts.enabled: false
2022/07/23-10:56:09.538266 7fc8f1698000         Options.compression_opts.max_dict_buffer_bytes: 0
2022/07/23-10:56:09.538270 7fc8f1698000      Options.level0_file_num_compaction_trigger: 4
2022/07/23-10:56:09.538272 7fc8f1698000          Options.level0_slowdown_writes_trigger: 20
2022/07/23-10:56:09.538274 7fc8f1698000              Options.level0_stop_writes_trigger: 36
2022/07/23-10:56:09.538276 7fc8f1698000                   Options.target_file_size_base: 107374182
2022/07/23-10:56:09.538278 7fc8f1698000             Options.target_file_size_multiplier: 1
2022/07/23-10:56:09.538280 7fc8f1698000                Options.max_bytes_for_level_base: 1073741824
2022/07/23-10:56:09.538282 7fc8f1698000 Options.level_compaction_dynamic_level_bytes: 0
2022/07/23-10:56:09.538284 7fc8f1698000          Options.max_bytes_for_level_multiplier: 10.000000
2022/07/23-10:56:09.538288 7fc8f1698000 Options.max_bytes_for_level_multiplier_addtl[0]: 1
2022/07/23-10:56:09.538290 7fc8f1698000 Options.max_bytes_for_level_multiplier_addtl[1]: 1
2022/07/23-10:56:09.538293 7fc8f1698000 Options.max_bytes_for_level_multiplier_addtl[2]: 1
2022/07/23-10:56:09.538295 7fc8f1698000 Options.max_bytes_for_level_multiplier_addtl[3]: 1
2022/07/23-10:56:09.538297 7fc8f1698000 Options.max_bytes_for_level_multiplier_addtl[4]: 1
2022/07/23-10:56:09.538299 7fc8f1698000 Options.max_bytes_for_level_multiplier_addtl[5]: 1
2022/07/23-10:56:09.538301 7fc8f1698000 Options.max_bytes_for_level_multiplier_addtl[6]: 1
2022/07/23-10:56:09.538303 7fc8f1698000       Options.max_sequential_skip_in_iterations: 8
2022/07/23-10:56:09.538306 7fc8f1698000                    Options.max_compaction_bytes: 2684354550
2022/07/23-10:56:09.538308 7fc8f1698000                        Options.arena_block_size: 33554432
2022/07/23-10:56:09.538310 7fc8f1698000   Options.soft_pending_compaction_bytes_limit: 68719476736
2022/07/23-10:56:09.538312 7fc8f1698000   Options.hard_pending_compaction_bytes_limit: 274877906944
2022/07/23-10:56:09.538314 7fc8f1698000       Options.rate_limit_delay_max_milliseconds: 100
2022/07/23-10:56:09.538316 7fc8f1698000                Options.disable_auto_compactions: 0
2022/07/23-10:56:09.538321 7fc8f1698000                        Options.compaction_style: kCompactionStyleLevel
2022/07/23-10:56:09.538324 7fc8f1698000                          Options.compaction_pri: kMinOverlappingRatio
2022/07/23-10:56:09.538326 7fc8f1698000 Options.compaction_options_universal.size_ratio: 1
2022/07/23-10:56:09.538329 7fc8f1698000 Options.compaction_options_universal.min_merge_width: 2
2022/07/23-10:56:09.538331 7fc8f1698000 Options.compaction_options_universal.max_merge_width: 4294967295
2022/07/23-10:56:09.538334 7fc8f1698000 Options.compaction_options_universal.max_size_amplification_percent: 200
2022/07/23-10:56:09.538335 7fc8f1698000 Options.compaction_options_universal.compression_size_percent: -1
2022/07/23-10:56:09.538338 7fc8f1698000 Options.compaction_options_universal.stop_style: kCompactionStopStyleTotalSize
2022/07/23-10:56:09.538339 7fc8f1698000 Options.compaction_options_fifo.max_table_files_size: 1073741824
2022/07/23-10:56:09.538341 7fc8f1698000 Options.compaction_options_fifo.allow_compaction: 0
2022/07/23-10:56:09.538349 7fc8f1698000                   Options.table_properties_collectors: 
2022/07/23-10:56:09.538351 7fc8f1698000                   Options.inplace_update_support: 0
2022/07/23-10:56:09.538352 7fc8f1698000                 Options.inplace_update_num_locks: 10000
2022/07/23-10:56:09.538353 7fc8f1698000               Options.memtable_prefix_bloom_size_ratio: 0.000000
2022/07/23-10:56:09.538355 7fc8f1698000               Options.memtable_whole_key_filtering: 0
2022/07/23-10:56:09.538357 7fc8f1698000   Options.memtable_huge_page_size: 0
2022/07/23-10:56:09.538358 7fc8f1698000                           Options.bloom_locality: 0
2022/07/23-10:56:09.538359 7fc8f1698000                    Options.max_successive_merges: 0
2022/07/23-10:56:09.538380 7fc8f1698000                Options.optimize_filters_for_hits: 0
2022/07/23-10:56:09.538383 7fc8f1698000                Options.paranoid_file_checks: 0
2022/07/23-10:56:09.538385 7fc8f1698000                Options.force_consistency_checks: 1
2022/07/23-10:56:09.538388 7fc8f1698000                Options.report_bg_io_stats: 0
2022/07/23-10:56:09.538390 7fc8f1698000                               Options.ttl: 2592000
2022/07/23-10:56:09.538392 7fc8f1698000          Options.periodic_compaction_seconds: 2592000
2022/07/23-10:56:09.538393 7fc8f1698000                    Options.enable_blob_files: false
2022/07/23-10:56:09.538396 7fc8f1698000                        Options.min_blob_size: 0
2022/07/23-10:56:09.538397 7fc8f1698000                       Options.blob_file_size: 268435456
2022/07/23-10:56:09.538400 7fc8f1698000                Options.blob_compression_type: NoCompression
2022/07/23-10:56:09.538403 7fc8f1698000       Options.enable_blob_garbage_collection: false
2022/07/23-10:56:09.538405 7fc8f1698000   Options.blob_garbage_collection_age_cutoff: 0.250000
2022/07/23-10:56:09.538511 7fc8f1698000 [db/db_impl/db_impl.cc:2662] Created column family [meta] (ID 1)
2022/07/23-10:56:09.545214 7fc8f1698000 [db/column_family.cc:598] --------------- Options for column family [dead_slots]:
2022/07/23-10:56:09.545225 7fc8f1698000               Options.comparator: leveldb.BytewiseComparator
2022/07/23-10:56:09.545227 7fc8f1698000           Options.merge_operator: None
2022/07/23-10:56:09.545229 7fc8f1698000        Options.compaction_filter: None
2022/07/23-10:56:09.545231 7fc8f1698000        Options.compaction_filter_factory: purged_slot_filter_factory(dead_slots)
2022/07/23-10:56:09.545232 7fc8f1698000  Options.sst_partitioner_factory: None
2022/07/23-10:56:09.545233 7fc8f1698000         Options.memtable_factory: SkipListFactory
2022/07/23-10:56:09.545235 7fc8f1698000            Options.table_factory: BlockBasedTable
2022/07/23-10:56:09.545264 7fc8f1698000            table_factory options:   flush_block_policy_factory: FlushBlockBySizePolicyFactory (0x5620861bd2b0)
  cache_index_and_filter_blocks: 0
  cache_index_and_filter_blocks_with_high_priority: 1
  pin_l0_filter_and_index_blocks_in_cache: 0
  pin_top_level_index_and_filter: 1
  index_type: 0
  data_block_index_type: 0
  index_shortening: 1
  data_block_hash_table_util_ratio: 0.750000
  hash_index_allow_collision: 1
  checksum: 1
  no_block_cache: 0
  block_cache: 0x5620861bd300
  block_cache_name: LRUCache
  block_cache_options:
    capacity : 8388608
    num_shard_bits : 4
    strict_capacity_limit : 0
    memory_allocator : None
    high_pri_pool_ratio: 0.000
  block_cache_compressed: (nil)
  persistent_cache: (nil)
  block_size: 4096
  block_size_deviation: 10
  block_restart_interval: 16
  index_block_restart_interval: 1
  metadata_block_size: 4096
  partition_filters: 0
  use_delta_encoding: 1
  filter_policy: nullptr
  whole_key_filtering: 1
  verify_compression: 0
  read_amp_bytes_per_bit: 0
  format_version: 5
  enable_index_compression: 1
  block_align: 0
2022/07/23-10:56:09.545266 7fc8f1698000        Options.write_buffer_size: 268435456
2022/07/23-10:56:09.545268 7fc8f1698000  Options.max_write_buffer_number: 8
2022/07/23-10:56:09.545269 7fc8f1698000          Options.compression: NoCompression
2022/07/23-10:56:09.545270 7fc8f1698000                  Options.bottommost_compression: Disabled
2022/07/23-10:56:09.545272 7fc8f1698000       Options.prefix_extractor: nullptr
2022/07/23-10:56:09.545273 7fc8f1698000   Options.memtable_insert_with_hint_prefix_extractor: nullptr
2022/07/23-10:56:09.545274 7fc8f1698000             Options.num_levels: 7
2022/07/23-10:56:09.545275 7fc8f1698000        Options.min_write_buffer_number_to_merge: 1
2022/07/23-10:56:09.545277 7fc8f1698000     Options.max_write_buffer_number_to_maintain: 0
2022/07/23-10:56:09.545278 7fc8f1698000     Options.max_write_buffer_size_to_maintain: 0
2022/07/23-10:56:09.545279 7fc8f1698000            Options.bottommost_compression_opts.window_bits: -14
2022/07/23-10:56:09.545281 7fc8f1698000                  Options.bottommost_compression_opts.level: 32767
2022/07/23-10:56:09.545282 7fc8f1698000               Options.bottommost_compression_opts.strategy: 0
2022/07/23-10:56:09.545283 7fc8f1698000         Options.bottommost_compression_opts.max_dict_bytes: 0
2022/07/23-10:56:09.545284 7fc8f1698000         Options.bottommost_compression_opts.zstd_max_train_bytes: 0
2022/07/23-10:56:09.545286 7fc8f1698000         Options.bottommost_compression_opts.parallel_threads: 1
2022/07/23-10:56:09.545287 7fc8f1698000                  Options.bottommost_compression_opts.enabled: false
2022/07/23-10:56:09.545288 7fc8f1698000         Options.bottommost_compression_opts.max_dict_buffer_bytes: 0
2022/07/23-10:56:09.545290 7fc8f1698000            Options.compression_opts.window_bits: -14
2022/07/23-10:56:09.545291 7fc8f1698000                  Options.compression_opts.level: 32767
2022/07/23-10:56:09.545292 7fc8f1698000               Options.compression_opts.strategy: 0
2022/07/23-10:56:09.545293 7fc8f1698000         Options.compression_opts.max_dict_bytes: 0
2022/07/23-10:56:09.545295 7fc8f1698000         Options.compression_opts.zstd_max_train_bytes: 0
2022/07/23-10:56:09.545296 7fc8f1698000         Options.compression_opts.parallel_threads: 1
2022/07/23-10:56:09.545315 7fc8f1698000                  Options.compression_opts.enabled: false
2022/07/23-10:56:09.545317 7fc8f1698000         Options.compression_opts.max_dict_buffer_bytes: 0
2022/07/23-10:56:09.545320 7fc8f1698000      Options.level0_file_num_compaction_trigger: 4
2022/07/23-10:56:09.545322 7fc8f1698000          Options.level0_slowdown_writes_trigger: 20
2022/07/23-10:56:09.545324 7fc8f1698000              Options.level0_stop_writes_trigger: 36
2022/07/23-10:56:09.545326 7fc8f1698000                   Options.target_file_size_base: 107374182
2022/07/23-10:56:09.545328 7fc8f1698000             Options.target_file_size_multiplier: 1
2022/07/23-10:56:09.545330 7fc8f1698000                Options.max_bytes_for_level_base: 1073741824
2022/07/23-10:56:09.545333 7fc8f1698000 Options.level_compaction_dynamic_level_bytes: 0
2022/07/23-10:56:09.545335 7fc8f1698000          Options.max_bytes_for_level_multiplier: 10.000000
2022/07/23-10:56:09.545339 7fc8f1698000 Options.max_bytes_for_level_multiplier_addtl[0]: 1
2022/07/23-10:56:09.545342 7fc8f1698000 Options.max_bytes_for_level_multiplier_addtl[1]: 1
2022/07/23-10:56:09.545344 7fc8f1698000 Options.max_bytes_for_level_multiplier_addtl[2]: 1
2022/07/23-10:56:09.545346 7fc8f1698000 Options.max_bytes_for_level_multiplier_addtl[3]: 1
2022/07/23-10:56:09.545348 7fc8f1698000 Options.max_bytes_for_level_multiplier_addtl[4]: 1
2022/07/23-10:56:09.545349 7fc8f1698000 Options.max_bytes_for_level_multiplier_addtl[5]: 1
2022/07/23-10:56:09.545351 7fc8f1698000 Options.max_bytes_for_level_multiplier_addtl[6]: 1
2022/07/23-10:56:09.545352 7fc8f1698000       Options.max_sequential_skip_in_iterations: 8
2022/07/23-10:56:09.545353 7fc8f1698000                    Options.max_compaction_bytes: 2684354550
2022/07/23-10:56:09.545354 7fc8f1698000                        Options.arena_block_size: 33554432
2022/07/23-10:56:09.545356 7fc8f1698000   Options.soft_pending_compaction_bytes_limit: 68719476736
2022/07/23-10:56:09.545357 7fc8f1698000   Options.hard_pending_compaction_bytes_limit: 274877906944
2022/07/23-10:56:09.545358 7fc8f1698000       Options.rate_limit_delay_max_milliseconds: 100
2022/07/23-10:56:09.545360 7fc8f1698000                Options.disable_auto_compactions: 0
2022/07/23-10:56:09.545362 7fc8f1698000                        Options.compaction_style: kCompactionStyleLevel
2022/07/23-10:56:09.545364 7fc8f1698000                          Options.compaction_pri: kMinOverlappingRatio
2022/07/23-10:56:09.545365 7fc8f1698000 Options.compaction_options_universal.size_ratio: 1
2022/07/23-10:56:09.545366 7fc8f1698000 Options.compaction_options_universal.min_merge_width: 2
2022/07/23-10:56:09.545368 7fc8f1698000 Options.compaction_options_universal.max_merge_width: 4294967295
2022/07/23-10:56:09.545369 7fc8f1698000 Options.compaction_options_universal.max_size_amplification_percent: 200
2022/07/23-10:56:09.545370 7fc8f1698000 Options.compaction_options_universal.compression_size_percent: -1
2022/07/23-10:56:09.545372 7fc8f1698000 Options.compaction_options_universal.stop_style: kCompactionStopStyleTotalSize
2022/07/23-10:56:09.545373 7fc8f1698000 Options.compaction_options_fifo.max_table_files_size: 1073741824
2022/07/23-10:56:09.545374 7fc8f1698000 Options.compaction_options_fifo.allow_compaction: 0
2022/07/23-10:56:09.545380 7fc8f1698000                   Options.table_properties_collectors: 
2022/07/23-10:56:09.545382 7fc8f1698000                   Options.inplace_update_support: 0
2022/07/23-10:56:09.545383 7fc8f1698000                 Options.inplace_update_num_locks: 10000
2022/07/23-10:56:09.545384 7fc8f1698000               Options.memtable_prefix_bloom_size_ratio: 0.000000
2022/07/23-10:56:09.545386 7fc8f1698000               Options.memtable_whole_key_filtering: 0
2022/07/23-10:56:09.545387 7fc8f1698000   Options.memtable_huge_page_size: 0
2022/07/23-10:56:09.545388 7fc8f1698000                           Options.bloom_locality: 0
2022/07/23-10:56:09.545390 7fc8f1698000                    Options.max_successive_merges: 0
2022/07/23-10:56:09.545403 7fc8f1698000                Options.optimize_filters_for_hits: 0
2022/07/23-10:56:09.545406 7fc8f1698000                Options.paranoid_file_checks: 0
2022/07/23-10:56:09.545408 7fc8f1698000                Options.force_consistency_checks: 1
2022/07/23-10:56:09.545410 7fc8f1698000                Options.report_bg_io_stats: 0
2022/07/23-10:56:09.545412 7fc8f1698000                               Options.ttl: 2592000
2022/07/23-10:56:09.545415 7fc8f1698000          Options.periodic_compaction_seconds: 2592000
2022/07/23-10:56:09.545417 7fc8f1698000                    Options.enable_blob_files: false
2022/07/23-10:56:09.545419 7fc8f1698000                        Options.min_blob_size: 0
2022/07/23-10:56:09.545421 7fc8f1698000                       Options.blob_file_size: 268435456
2022/07/23-10:56:09.545424 7fc8f1698000                Options.blob_compression_type: NoCompression
2022/07/23-10:56:09.545426 7fc8f1698000       Options.enable_blob_garbage_collection: false
2022/07/23-10:56:09.545428 7fc8f1698000   Options.blob_garbage_collection_age_cutoff: 0.250000
2022/07/23-10:56:09.545482 7fc8f1698000 [db/db_impl/db_impl.cc:2662] Created column family [dead_slots] (ID 2)
2022/07/23-10:56:09.552983 7fc8f1698000 [db/column_family.cc:598] --------------- Options for column family [duplicate_slots]:
2022/07/23-10:56:09.552998 7fc8f1698000               Options.comparator: leveldb.BytewiseComparator
2022/07/23-10:56:09.553002 7fc8f1698000           Options.merge_operator: None
2022/07/23-10:56:09.553005 7fc8f1698000        Options.compaction_filter: None
2022/07/23-10:56:09.553008 7fc8f1698000        Options.compaction_filter_factory: purged_slot_filter_factory(duplicate_slots)
2022/07/23-10:56:09.553010 7fc8f1698000  Options.sst_partitioner_factory: None
2022/07/23-10:56:09.553013 7fc8f1698000         Options.memtable_factory: SkipListFactory
2022/07/23-10:56:09.553016 7fc8f1698000            Options.table_factory: BlockBasedTable
2022/07/23-10:56:09.553060 7fc8f1698000            table_factory options:   flush_block_policy_factory: FlushBlockBySizePolicyFactory (0x5620861bf500)
  cache_index_and_filter_blocks: 0
  cache_index_and_filter_blocks_with_high_priority: 1
  pin_l0_filter_and_index_blocks_in_cache: 0
  pin_top_level_index_and_filter: 1
  index_type: 0
  data_block_index_type: 0
  index_shortening: 1
  data_block_hash_table_util_ratio: 0.750000
  hash_index_allow_collision: 1
  checksum: 1
  no_block_cache: 0
  block_cache: 0x5620861bf550
  block_cache_name: LRUCache
  block_cache_options:
    capacity : 8388608
    num_shard_bits : 4
    strict_capacity_limit : 0
    memory_allocator : None
    high_pri_pool_ratio: 0.000
  block_cache_compressed: (nil)
  persistent_cache: (nil)
  block_size: 4096
  block_size_deviation: 10
  block_restart_interval: 16
  index_block_restart_interval: 1
  metadata_block_size: 4096
  partition_filters: 0
  use_delta_encoding: 1
  filter_policy: nullptr
  whole_key_filtering: 1
  verify_compression: 0
  read_amp_bytes_per_bit: 0
  format_version: 5
  enable_index_compression: 1
  block_align: 0
2022/07/23-10:56:09.553063 7fc8f1698000        Options.write_buffer_size: 268435456
2022/07/23-10:56:09.553066 7fc8f1698000  Options.max_write_buffer_number: 8
2022/07/23-10:56:09.553069 7fc8f1698000          Options.compression: NoCompression
2022/07/23-10:56:09.553072 7fc8f1698000                  Options.bottommost_compression: Disabled
2022/07/23-10:56:09.553075 7fc8f1698000       Options.prefix_extractor: nullptr
2022/07/23-10:56:09.553078 7fc8f1698000   Options.memtable_insert_with_hint_prefix_extractor: nullptr
